3556 10025 -73.99 40.71
3840 10023 -73.99 40.71
3656 10002 -73.99 40.71
2179 11226 -73.94 40.64
2145 11375 -73.84 40.72
3652 10016 -73.99 40.71
2254 11235 -73.94 40.64
3816 10009 -73.99 40.71
2997 10029 -73.99 40.71
3376 10128 -73.99 40.71
4265 10011 -73.99 40.71
4030 10003 -73.99 40.71
2772 20009 -77.03 38.89
2632 20002 -77.03 38.89
1589 21234 -76.55 39.38
2652 11206 -73.94 40.64
2290 11230 -73.94 40.64
2256 11209 -73.94 40.64
2867 11201 -73.94 40.64
2204 11212 -73.94 40.64
4089 10024 -73.99 40.71
2209 11214 -73.94 40.64
2862 7030 -74.02 40.74
2272 11229 -73.94 40.64
2236 11377 -73.9 40.74
2282 11234 -73.94 40.64
2264 11207 -73.94 40.64
3832 10019 -73.99 40.71
1075 19143 -75.16 39.95
1849 8701 -74.21 40.09
2125 10314 -74.14 40.58
2694 11215 -73.94 40.64
2476 11221 -73.94 40.64
971 15601 -79.54 40.31
1097 17603 -76.3 40.04
1964 20906 -77.02 39.01
2942 11211 -73.94 40.64
2215 11373 -73.87 40.72
2239 11385 -73.89 40.7
1864 8753 -74.18 39.95
3457 10028 -73.99 40.71
2548 20011 -77.03 38.89
2194 11236 -73.94 40.64
1234 19111 -75.07 40.06
1094 21740 -77.71 39.63
1799 22191 -77.26 38.63
3230 10027 -73.99 40.71
2710 11238 -73.94 40.64
1748 21117 -76.79 39.41
2339 11233 -73.94 40.64
1894 20019 -77.03 38.89
1800 22193 -77.26 38.63
1962 22304 -77.08 38.82
2274 11223 -73.94 40.64
2440 20878 -77.21 39.14
1034 19124 -75.16 39.95
2308 11218 -73.94 40.64
2861 20001 -77.03 38.89
2264 11208 -73.94 40.64
1281 21215 -76.61 39.3
2365 20147 -77.48 39.04
1852 19446 -75.28 40.24
2208 8831 -74.44 40.34
2676 7302 -74.06 40.71
1056 19120 -75.16 39.95
1264 19720 -75.57 39.66
2329 22204 -77.1 38.87
2244 11204 -73.94 40.64
1659 19020 -74.93 40.1
1885 21122 -76.55 39.11
2768 10032 -73.99 40.71
1414 21222 -76.49 39.26
1792 20874 -77.26 39.17
2274 11219 -73.94 40.64
2372 11225 -73.94 40.64
2376 11213 -73.94 40.64
2242 11368 -73.85 40.74
1983 20020 -77.03 38.89
2244 11203 -73.94 40.64
2250 11220 -73.94 40.64
2991 10031 -73.99 40.71
1424 21224 -76.61 39.3
1250 17331 -76.98 39.81
1738 21061 -76.6 39.16
2190 19067 -74.78 40.2
2111 20852 -77.15 39.08
988 19134 -75.16 39.95
4393 10014 -73.99 40.71
2269 20904 -77.02 39.01
1404 8759 -74.39 39.93
1882 7305 -74.06 40.71
2467 11216 -73.94 40.64
1291 19148 -75.16 39.95
1255 19104 -75.16 39.95
2192 7728 -74.27 40.25
2375 20910 -77.02 39.01
2191 8873 -74.48 40.49
1292 17601 -76.3 40.04
2114 8527 -74.35 40.1
1232 19144 -75.16 39.95
1864 22192 -77.26 38.63
2657 22201 -77.1 38.87
1398 19702 -75.75 39.67
1314 21218 -76.61 39.3
1705 19711 -75.75 39.67
1517 7111 -74.23 40.72
1554 22407 -77.48 38.29
2195 19380 -75.6 39.95
1414 8021 -74.98 39.8
1189 19131 -75.16 39.95
2130 11374 -73.86 40.72
1379 21206 -76.61 39.3
896 26003 -80.69 40.07
2278 19382 -75.6 39.95
1004 19140 -75.16 39.95
2465 22003 -77.21 38.83
2035 7306 -74.06 40.71
2628 10033 -73.99 40.71
1286 19145 -75.16 39.95
2319 11210 -73.94 40.64
2509 22030 -77.29 38.85
3721 10036 -73.99 40.71
1479 19146 -75.16 39.95
1795 21228 -76.74 39.26
1552 21207 -76.72 39.32
1524 19320 -75.81 39.98
1129 19149 -75.16 39.95
1969 20744 -77 38.73
2216 11434 -73.78 40.68
1345 19464 -75.64 40.25
1051 17602 -76.3 40.04
2278 11224 -73.94 40.64
1062 15642 -79.69 40.32
1555 15237 -79.97 40.43
2194 10306 -74.14 40.58
3773 10010 -73.99 40.71
2436 20850 -77.15 39.08
2130 11691 -73.81 40.59
2187 7083 -74.26 40.69
1790 19147 -75.16 39.95
1741 8054 -74.9 39.94
1985 19335 -75.7 40
2071 8053 -74.92 39.9
2824 22314 -77.08 38.82
1271 18103 -75.47 40.59
2006 20774 -76.75 38.81
940 26554 -80.14 39.48
2248 10312 -74.14 40.58
1249 26505 -79.94 39.63
3257 8540 -74.65 40.35
1291 21229 -76.61 39.3
1255 8401 -74.42 39.36
1765 19403 -75.33 40.12
2206 21044 -76.85 39.2
1937 22554 -77.4 38.42
1380 15108 -80.16 40.51
1079 19139 -75.16 39.95
2151 8854 -74.45 40.51
1382 8757 -74.18 39.95
1931 19103 -75.16 39.95
2622 20171 -77.38 38.96
1535 21221 -76.44 39.3
3800 10022 -73.99 40.71
2171 7712 -74.01 40.22
1662 8081 -74.98 39.73
2240 11432 -73.78 40.68
1796 8724 -74.11 40.06
2181 21401 -76.5 38.97
1532 7104 -74.17 40.72
878 15068 -79.75 40.56
1055 21502 -78.76 39.65
2462 21043 -76.83 39.27
2134 20902 -77.02 39.01
1486 18104 -75.47 40.59
2269 8816 -74.41 40.42
1555 19128 -75.16 39.95
1029 18102 -75.47 40.59
1897 18974 -75.07 40.21
3807 20854 -77.19 39.02
1950 20772 -76.75 38.81
1273 19121 -75.16 39.95
2847 11222 -73.94 40.64
3319 20008 -77.03 38.89
972 15235 -79.97 40.43
1359 21921 -75.82 39.6
1716 15317 -80.18 40.26
2381 20176 -77.55 39.1
2077 8817 -74.36 40.52
1568 22903 -78.48 38.03
1803 19460 -75.51 40.13
2909 11561 -73.65 40.58
1501 19808 -75.53 39.73
1661 21236 -76.48 39.38
1561 21220 -76.43 39.33
1418 17055 -77 40.21
1902 7304 -74.06 40.71
2590 7726 -74.36 40.29
1196 21804 -75.58 38.37
1200 17543 -76.3 40.15
1743 20747 -76.88 38.85
1531 21230 -76.61 39.3
1171 24401 -79.06 38.15
1184 19805 -75.53 39.73
1703 8234 -74.58 39.41
1643 21702 -77.41 39.42
2152 11435 -73.78 40.68
989 19132 -75.16 39.95
1202 18042 -75.22 40.68
2067 21093 -76.64 39.43
1540 18017 -75.36 40.62
1602 19701 -75.68 39.58
942 15221 -79.97 40.43
1656 21701 -77.41 39.42
1834 20748 -76.94 38.8
2741 11550 -73.61 40.7
1365 19401 -75.33 40.12
1759 7036 -74.23 40.62
1968 8861 -74.27 40.52
2731 11205 -73.94 40.64
2743 22202 -77.1 38.87
1052 17042 -76.42 40.34
2131 21045 -76.85 39.2
1622 22901 -78.48 38.03
1629 17050 -77.02 40.24
2275 22033 -77.29 38.85
2062 7753 -74.08 40.21
1885 20032 -77.03 38.89
1162 19082 -75.27 39.96
2663 20148 -77.48 39.04
2120 7307 -74.06 40.71
2118 8902 -74.48 40.45
1632 8012 -75.06 39.79
3345 10026 -73.99 40.71
1670 8094 -74.98 39.68
1257 8360 -74.99 39.46
1570 7105 -74.17 40.72
1707 20785 -76.95 38.95
1233 22801 -78.87 38.43
1097 17403 -76.73 39.96
1680 20743 -76.9 38.87
1393 23111 -77.35 37.62
2787 11217 -73.94 40.64
2529 11237 -73.94 40.64
2239 8857 -74.33 40.39
2491 11365 -73.79 40.73
1730 21208 -76.7 39.39
2128 19063 -75.38 39.91
1789 20110 -77.48 38.74
1488 19115 -75.16 39.95
1066 17404 -76.73 39.96
1783 19130 -75.16 39.95
1137 15206 -79.97 40.43
1597 8096 -75.15 39.83
1596 23060 -77.48 37.66
1631 21244 -76.78 39.33
2405 22015 -77.27 38.78
953 15401 -79.72 39.89
3829 20016 -77.03 38.89
1750 21014 -76.34 39.53
1185 17013 -77.2 40.2
991 15001 -80.25 40.61
1214 21217 -76.61 39.3
2904 10035 -73.99 40.71
1292 18018 -75.36 40.62
1195 8302 -75.22 39.42
2033 8901 -74.44 40.48
2073 18966 -75 40.18
1514 26508 -79.94 39.63
1418 17112 -76.88 40.27
1752 21060 -76.6 39.16
2224 20120 -77.44 38.84
2154 21403 -76.5 38.97
2301 8844 -74.62 40.47
1389 17011 -76.92 40.24
2499 11101 -73.93 40.74
1204 8332 -75.05 39.39
1776 21157 -77 39.57
1161 22980 -78.9 38.06
1368 17402 -76.73 39.96
2769 11231 -73.94 40.64
2155 10301 -74.14 40.58
1439 19958 -75.17 38.76
2723 20814 -77.12 38.98
1802 19709 -75.71 39.45
1948 7060 -74.4 40.63
2321 8807 -74.62 40.59
2882 20003 -77.03 38.89
1927 21784 -76.97 39.37
953 15212 -79.97 40.43
2832 21042 -76.83 39.27
900 16601 -78.4 40.5
2445 22031 -77.29 38.85
2765 11520 -73.58 40.65
1264 17111 -76.88 40.27
3869 10001 -73.99 40.71
1699 20109 -77.48 38.74
2123 7740 -73.98 40.29
1336 19966 -75.29 38.58
1399 19114 -75.16 39.95
1681 7202 -74.19 40.66
2090 10304 -74.14 40.58
1948 8080 -75.09 39.75
1297 19606 -75.92 40.33
1423 8618 -74.76 40.22
838 15701 -79.15 40.62
1825 20707 -76.85 39.09
1476 18951 -75.34 40.43
1247 19901 -75.51 39.15
3131 11249 -73.94 40.64
1825 8723 -74.11 40.06
1244 15236 -79.97 40.43
1295 19904 -75.51 39.15
3128 11040 -73.68 40.73
1966 19083 -75.31 39.97
3418 20815 -77.08 38.98
3531 20817 -77.12 38.98
1339 19152 -75.16 39.95
1960 20735 -76.89 38.76
2768 11756 -73.51 40.72
1891 20783 -76.95 38.95
1005 19013 -75.37 39.84
2250 20170 -77.38 38.96
1919 21113 -76.69 39.06
2105 10305 -74.14 40.58
2040 19047 -74.91 40.17
1271 21742 -77.71 39.63
1156 19141 -75.16 39.95
1751 21136 -76.81 39.45
2033 23059 -77.48 37.66
1383 21842 -75.08 38.33
2653 8820 -74.36 40.52
2896 20010 -77.03 38.89
1228 15146 -79.76 40.42
1516 19116 -75.16 39.95
1749 20746 -76.92 38.83
2198 7731 -74.19 40.14
1005 15227 -79.97 40.43
1579 21227 -76.72 39.21
3966 20007 -77.03 38.89
1368 21239 -76.61 39.3
1401 19026 -75.3 39.94
1169 19136 -75.16 39.95
955 26301 -80.33 39.28
1653 21212 -76.61 39.3
1954 20877 -77.21 39.14
1603 21703 -77.41 39.42
1461 22701 -78 38.47
2500 22203 -77.1 38.87
1183 19138 -75.16 39.95
2038 19426 -75.45 40.18
2220 11364 -73.75 40.74
2237 20901 -77.02 39.01
1458 15102 -80.03 40.32
907 16602 -78.4 40.5
1451 19154 -75.16 39.95
1207 19151 -75.16 39.95
1291 22630 -78.18 38.92
1090 17522 -76.18 40.18
1682 15217 -79.97 40.43
1310 19713 -75.75 39.67
1740 20886 -77.19 39.18
2859 11554 -73.55 40.71
1995 8742 -74.04 40.09
2639 19087 -75.4 40.06
2254 22306 -77.08 38.82
1384 8865 -75.18 40.68
2356 19002 -75.22 40.15
1733 8016 -74.85 40.07
1341 21225 -76.61 39.22
1111 19135 -75.16 39.95
2049 21144 -76.69 39.13
1940 20706 -76.85 38.96
2293 8043 -74.95 39.84
1517 19119 -75.16 39.95
1218 19050 -75.27 39.94
1510 7107 -74.17 40.72
1947 8648 -74.76 40.22
1594 21237 -76.5 39.32
2285 7747 -74.23 40.41
1980 20164 -77.4 39
1612 21009 -76.27 39.46
1315 22601 -78.17 39.17
1768 20745 -76.99 38.8
3575 22207 -77.1 38.87
2204 11104 -73.92 40.74
1920 20782 -76.95 38.95
1323 21811 -75.21 38.32
2350 22042 -77.17 38.88
955 17046 -76.42 40.34
2882 10030 -73.99 40.71
1852 19038 -75.15 40.1
2294 20165 -77.4 39
1211 17202 -77.71 39.92
1285 18015 -75.36 40.62
787 19601 -75.92 40.33
1145 17268 -77.58 39.75
2225 22312 -77.08 38.82
867 15650 -79.38 40.31
1979 16066 -80.1 40.71
1855 21209 -76.61 39.3
1611 8610 -74.76 40.22
2811 11580 -73.7 40.66
1079 17201 -77.65 39.93
2399 8822 -74.86 40.5
2963 11566 -73.55 40.65
1702 21133 -76.8 39.37
1157 17022 -76.59 40.15
2157 18901 -75.12 40.31
1212 21216 -76.61 39.3
1356 18052 -75.48 40.63
1309 15213 -79.97 40.43
2143 22309 -77.08 38.82
1805 7065 -74.28 40.6
1226 21213 -76.61 39.3
2378 20155 -77.61 38.79
1194 17110 -76.88 40.27
2388 22102 -77.19 38.94
2141 21075 -76.75 39.2
1699 8075 -74.95 40.03
1933 7208 -74.19 40.66
2166 20191 -77.34 38.95
2875 11710 -73.52 40.65
2414 8003 -74.99 39.9
2432 18940 -74.93 40.22
1763 8050 -74.25 39.69
3513 10017 -73.99 40.71
2014 19454 -75.27 40.21
1552 8087 -74.32 39.59
4004 22101 -77.19 38.94
1590 8046 -74.88 40.02
2797 10039 -73.99 40.71
1431 8330 -74.72 39.45
1512 7103 -74.17 40.72
2292 22079 -77.24 38.7
871 15210 -79.97 40.43
1943 21030 -76.63 39.47
2430 22315 -77.08 38.82
1647 20770 -76.88 38.99
1219 21801 -75.58 38.37
2235 22206 -77.1 38.87
1592 18045 -75.22 40.68
1113 15205 -79.97 40.43
2265 11228 -73.94 40.64
1051 15216 -79.97 40.43
1584 21601 -76.06 38.77
1374 21201 -76.61 39.3
3776 10038 -73.99 40.71
1271 17325 -77.23 39.83
2822 11510 -73.61 40.66
2312 22310 -77.08 38.82
2333 20723 -76.85 39.09
1464 8205 -74.47 39.48
1588 22401 -77.48 38.29
2264 11379 -73.88 40.71
1680 23116 -77.35 37.62
1690 19468 -75.53 40.18
1765 20111 -77.48 38.74
1734 15044 -79.94 40.63
1131 17257 -77.52 40.04
1956 22041 -77.17 38.88
1403 22602 -78.17 39.17
1982 20740 -76.93 38.99
1141 17109 -76.88 40.27
1585 22405 -77.48 38.29
2106 20708 -76.85 39.09
1444 19125 -75.16 39.95
784 17901 -76.2 40.67
2307 20175 -77.55 39.1
1900 8520 -74.52 40.26
2103 21771 -77.15 39.37
2317 8055 -74.82 39.86
2877 11793 -73.51 40.66
988 19142 -75.16 39.95
2785 11003 -73.7 40.7
2025 20603 -76.9 38.64
2515 22153 -77.17 38.78
1035 22802 -78.87 38.43
2238 11413 -73.75 40.66
3407 7090 -74.34 40.65
1139 19802 -75.53 39.73
2887 7920 -74.56 40.67
1747 21015 -76.34 39.53
2341 7701 -74.06 40.34
2367 22152 -77.17 38.78
2916 11572 -73.63 40.63
1800 19053 -74.98 40.14
1745 8005 -74.22 39.75
1784 19810 -75.53 39.73
1792 20784 -76.95 38.95
1481 22902 -78.48 38.03
1230 17315 -76.84 40
1528 7106 -74.17 40.72
1478 21001 -76.17 39.51
2231 11420 -73.81 40.67
744 26062 -80.56 40.4
2508 7748 -74.11 40.39
1862 19406 -75.38 40.09
2258 7719 -74.02 40.17
1756 20602 -76.9 38.64
1309 19018 -75.29 39.92
2174 11414 -73.84 40.66
3216 11570 -73.63 40.66
745 43920 -80.56 40.63
2421 20152 -77.4 38.87
1523 22408 -77.48 38.29
1086 15202 -79.97 40.43
1853 8755 -74.18 39.95
1978 20121 -77.44 38.84
2542 19355 -75.51 40.03
2459 20721 -76.73 38.95
2437 21146 -76.57 39.08
1143 19973 -75.61 38.64
1593 15101 -79.95 40.57
977 15136 -80.06 40.46
2749 22180 -77.26 38.9
3828 11530 -73.64 40.72
2061 21114 -76.68 39.01
1525 20653 -76.44 38.26
2572 22032 -77.29 38.85
1186 21223 -76.61 39.3
2278 20853 -77.15 39.08
1700 18062 -75.55 40.51
2219 10309 -74.14 40.58
1483 17036 -76.71 40.26
1274 19607 -75.92 40.33
1242 17406 -76.73 39.96
1252 19150 -75.16 39.95
1289 17408 -76.81 39.95
1541 18064 -75.31 40.73
2243 11412 -73.75 40.69
2259 7724 -74.05 40.29
2257 20912 -77 38.98
1091 17057 -76.7 40.19
1932 8088 -74.62 39.8
967 17044 -77.57 40.59
1889 8002 -74.99 39.9
2281 22150 -77.17 38.78
2099 20190 -77.34 38.95
1840 8619 -74.76 40.22
1197 17078 -76.59 40.3
2543 22043 -77.17 38.88
1323 21202 -76.61 39.3
1719 8060 -74.78 39.99
756 15132 -79.83 40.33
2003 20705 -76.92 39.03
1426 19122 -75.16 39.95
1062 19133 -75.16 39.95
2180 11421 -73.85 40.69
2242 11378 -73.9 40.72
3424 22182 -77.26 38.9
1547 8052 -74.99 39.95
1062 15106 -80.08 40.4
889 15122 -79.9 40.35
1537 22485 -77.18 38.26
1812 19428 -75.3 40.07
2101 20715 -76.73 38.95
1242 17356 -76.6 39.89
1444 17015 -77.26 40.15
1352 21040 -76.29 39.42
1344 19977 -75.6 39.29
1746 18944 -75.29 40.37
852 15120 -79.9 40.4
1825 22556 -77.4 38.42
1433 8037 -74.77 39.65
1898 20601 -76.9 38.64
2090 8859 -74.3 40.45
1617 19107 -75.16 39.95
1805 19803 -75.53 39.73
1434 8105 -75.1 39.93
1900 19438 -75.38 40.27
2144 8876 -74.61 40.57
2206 11419 -73.82 40.68
1463 19007 -74.85 40.1
2422 22311 -77.08 38.82
1966 20716 -76.73 38.95
2559 7076 -74.37 40.63
2359 20136 -77.55 38.73
1519 8638 -74.76 40.22
1839 21286 -76.62 39.39
1992 19064 -75.34 39.93
2097 7016 -74.3 40.65
2328 15090 -80.05 40.63
1574 8109 -75.05 39.94
1449 7108 -74.17 40.72
2196 11433 -73.78 40.68
1896 22302 -77.08 38.82
1457 7112 -74.17 40.72
1171 25404 -77.96 39.46
2229 10308 -74.14 40.58
1152 26501 -79.94 39.63
1962 22406 -77.48 38.29
2092 22209 -77.1 38.87
2192 11418 -73.83 40.69
1962 15143 -80.18 40.53
2134 11415 -73.82 40.7
2341 20832 -77.08 39.14
2452 8536 -74.58 40.33
2037 8879 -74.29 40.47
1743 19040 -75.1 40.17
1255 15239 -79.97 40.43
913 15425 -79.58 40.01
1302 21613 -76.07 38.56
1728 8731 -74.19 39.84
2568 7040 -74.27 40.73
2641 20005 -77.03 38.89
1647 19608 -75.92 40.33
2123 19348 -75.71 39.84
1278 8104 -75.1 39.93
1570 21231 -76.61 39.3
1867 19027 -75.12 40.07
2409 20112 -77.48 38.74
2221 21204 -76.62 39.39
744 19604 -75.92 40.33
954 26201 -80.22 38.98
1825 20879 -77.21 39.14
1453 21211 -76.61 39.3
1239 8611 -74.76 40.22
1187 15220 -79.97 40.43
1319 19061 -75.41 39.81
1607 20659 -76.73 38.43
3789 7901 -74.36 40.71
2906 11001 -73.7 40.72
2299 19006 -75.06 40.13
2118 21037 -76.54 38.9
2449 20017 -77.03 38.89
2807 19010 -75.31 40.02
1944 20876 -77.26 39.17
2201 21012 -76.49 39.04
793 15644 -79.62 40.33
1165 17545 -76.39 40.16
1195 17552 -76.5 40.11
1778 8721 -74.21 39.91
2539 20018 -77.03 38.89
1667 7201 -74.19 40.66
1250 19963 -75.43 38.91
2181 20024 -77.03 38.89
1547 21078 -76.09 39.54
1783 21158 -77 39.57
2144 7080 -74.41 40.57
648 43952 -80.64 40.36
2499 20169 -77.63 38.81
1411 18067 -75.48 40.68
2034 19046 -75.12 40.09
1990 7008 -74.22 40.58
947 15147 -79.84 40.5
2387 19422 -75.26 40.14
1662 19014 -75.43 39.86
1261 19605 -75.92 40.33
2824 11563 -73.67 40.65
1374 22655 -78.22 39.09
2291 11423 -73.76 40.71
1103 19023 -75.26 39.92
2867 8057 -74.94 39.97
1914 22303 -77.08 38.82
1918 7095 -74.28 40.55
1817 19123 -75.16 39.95
1778 8108 -75.07 39.91
2169 15241 -79.97 40.43
2162 10310 -74.14 40.58
2184 18976 -75.14 40.25
2408 20720 -76.73 38.95
2022 8690 -74.76 40.22
2060 19008 -75.35 39.96
1977 8034 -74.99 39.9
1963 20646 -76.97 38.53
1426 21214 -76.61 39.3
1690 19090 -75.11 40.14
1467 18049 -75.49 40.53
1752 7203 -74.26 40.65
1214 17225 -77.72 39.79
2915 11501 -73.63 40.74
1606 18020 -75.36 40.62
2043 10303 -74.14 40.58
1511 8015 -74.55 39.95
1797 19106 -75.16 39.95
2403 19342 -75.5 39.89
2189 11694 -73.85 40.57
1689 15228 -79.97 40.43
2199 11422 -73.73 40.66
2194 19341 -75.63 40.03
1281 19804 -75.53 39.73
2858 11552 -73.65 40.69
1306 15017 -80.1 40.35
1587 7206 -74.19 40.66
2871 11010 -73.67 40.7
1815 8028 -75.11 39.7
2204 21409 -76.45 39.02
812 17104 -76.88 40.27
1517 20657 -76.45 38.41
1392 21901 -75.94 39.6
2670 20037 -77.03 38.89
2083 18914 -75.2 40.28
1277 24450 -79.44 37.78
2199 21076 -76.72 39.16
1942 7735 -74.2 40.43
1417 25414 -77.85 39.28
1865 7205 -74.23 40.69
2415 19073 -75.43 39.97
1175 18109 -75.47 40.59
1068 19801 -75.53 39.73
2276 11232 -73.94 40.64
1669 22911 -78.48 38.03
1877 8077 -75.01 40.01
1221 17025 -76.93 40.28
1834 19440 -75.29 40.27
2197 11417 -73.85 40.69
3684 8550 -74.62 40.32
854 15025 -79.88 40.29
2422 20895 -77.07 39.02
1261 17070 -76.87 40.23
2587 18902 -75.09 40.36
787 26041 -80.74 39.92
1816 8505 -74.7 40.14
1358 17019 -77.03 40.11
2342 20105 -77.64 38.97
2109 8872 -74.32 40.46
1038 17512 -76.49 40.03
2298 11427 -73.74 40.72
2196 20871 -77.27 39.23
1065 15218 -79.97 40.43
1328 19512 -75.63 40.33
891 15666 -79.54 40.15
1481 17033 -76.64 40.28
2082 8085 -75.31 39.74
2492 7081 -74.32 40.69
903 15012 -79.86 40.12
2530 22305 -77.08 38.82
715 19602 -75.92 40.33
3640 7928 -74.38 40.74
766 17401 -76.73 39.96
2058 20903 -77.02 39.01
1387 22551 -77.7 38.17
2893 7310 -74.06 40.71
1617 19610 -75.92 40.33
1905 21050 -76.39 39.58
1708 19044 -75.13 40.18
1400 23005 -77.47 37.76
1437 19809 -75.53 39.73
2931 11581 -73.7 40.66
1390 19703 -75.45 39.8
2718 8033 -75.03 39.89
1258 26330 -80.25 39.29
1321 19015 -75.39 39.87
2132 11692 -73.79 40.59
1503 21085 -76.35 39.43
2735 7751 -74.25 40.36
1420 8203 -74.36 39.41
1100 15009 -80.3 40.69
3254 22205 -77.1 38.87
1111 15234 -79.97 40.43
1514 8361 -74.99 39.46
3109 22124 -77.3 38.89
1669 15232 -79.97 40.43
2348 20151 -77.4 38.87
4076 20015 -77.03 38.89
1944 20724 -76.85 39.09
2023 8830 -74.31 40.57
1781 19465 -75.64 40.25
1300 8232 -74.51 39.39
2381 8008 -74.24 39.55
2202 21108 -76.64 39.05
1104 21532 -78.92 39.66
1165 15201 -79.97 40.43
2301 8852 -74.54 40.38
2830 22046 -77.17 38.88
1337 21550 -79.41 39.41
1695 19001 -75.12 40.12
2318 8840 -74.36 40.54
2346 19707 -75.68 39.78
1002 15214 -79.97 40.43
2099 8837 -74.36 40.52
993 15226 -79.97 40.43
3759 20816 -77.12 38.98
2189 7067 -74.31 40.59
1245 19947 -75.38 38.69
1359 22963 -78.26 37.86
984 25401 -77.96 39.46
1812 20737 -76.92 38.96
1638 19054 -74.85 40.15
1202 15229 -79.97 40.43
1279 22546 -77.54 38
1485 8110 -75.05 39.96
2179 7029 -74.15 40.74
2047 22025 -77.34 38.6
1164 43950 -80.89 40.07
2061 19462 -75.28 40.1
2950 22301 -77.08 38.82
1208 19126 -75.16 39.95
4477 22066 -77.28 39.01
2172 21046 -76.85 39.2
1696 18040 -75.22 40.68
2162 8904 -74.42 40.5
2752 7746 -74.25 40.31
1192 25427 -77.99 39.55
2207 7730 -74.17 40.42
2764 11553 -73.59 40.7
864 26726 -78.98 39.43
1126 19956 -75.57 38.55
2861 7079 -74.26 40.74
1578 19057 -74.85 40.15
3223 22039 -77.32 38.8
2324 8691 -74.76 40.22
1621 18969 -75.32 40.32
1346 15203 -79.97 40.43
1555 19363 -75.98 39.78
2992 18938 -74.95 40.36
2084 7066 -74.31 40.62
1140 15211 -79.97 40.43
2425 20905 -77.02 39.01
2273 11429 -73.74 40.72
1431 15116 -79.95 40.52
1492 8107 -75.08 39.9
2242 15238 -79.97 40.43
2357 22151 -77.17 38.78
1210 21205 -76.61 39.3
1440 22603 -78.17 39.17
1338 19508 -75.81 40.26
1429 22508 -77.79 38.33
2096 20187 -77.79 38.71
959 15613 -79.56 40.58
1913 19003 -75.29 40
1686 21074 -76.85 39.61
1529 15243 -79.97 40.43
1149 25411 -78.21 39.55
1062 17067 -76.3 40.37
2037 21210 -76.61 39.3
2876 20012 -77.03 38.89
1507 19806 -75.53 39.73
1765 20186 -77.79 38.71
1746 22026 -77.32 38.56
1396 15057 -80.23 40.37
1047 16686 -78.24 40.67
1665 19518 -75.74 40.26
1227 22553 -77.68 38.19
3258 7733 -74.17 40.37
2581 8062 -75.22 39.73
2523 20194 -77.34 38.95
2274 11411 -73.73 40.69
1003 15061 -80.27 40.68
1281 23093 -77.99 38.01
1487 21620 -76.07 39.21
1604 20619 -76.49 38.29
1420 19968 -75.31 38.77
1445 19975 -75.22 38.45
2314 11426 -73.71 40.72
1715 19056 -74.85 40.15
2670 8736 -74.03 40.11
1344 19522 -75.82 40.45
1160 15219 -79.97 40.43
1195 15209 -79.97 40.43
1407 15215 -79.97 40.43
3459 7059 -74.51 40.63
2049 8882 -74.37 40.44
2716 19096 -75.27 39.99
1088 17517 -76.13 40.23
2183 22044 -77.17 38.88
1706 20650 -76.64 38.29
1284 19036 -75.29 39.89
837 15066 -80.3 40.73
1731 18964 -75.32 40.31
1433 8215 -74.59 39.56
3931 10005 -73.99 40.71
1194 15224 -79.97 40.43
1257 8070 -75.51 39.65
2554 7762 -74.02 40.15
1846 19473 -75.46 40.25
2099 10302 -74.14 40.58
1140 15522 -78.5 40.01
1885 21128 -76.47 39.4
3101 22181 -77.26 38.9
1895 19525 -75.6 40.32
806 43953 -80.64 40.36
1337 25425 -77.74 39.32
1786 8009 -74.93 39.79
2305 11428 -73.74 40.72
963 15065 -79.73 40.64
808 15003 -80.22 40.59
2006 20613 -76.85 38.69
1200 22835 -78.45 38.66
2346 20132 -77.71 39.13
1699 18036 -75.39 40.51
904 15207 -79.97 40.43
1074 15370 -80.18 39.89
1296 17362 -76.86 39.88
1205 19153 -75.16 39.95
1293 19934 -75.62 39.08
1192 8069 -75.46 39.72
2037 8846 -74.5 40.57
2374 20855 -77.13 39.13
2111 20639 -76.61 38.61
1843 21666 -76.3 38.99
1968 7001 -74.27 40.58
1724 19390 -75.82 39.82
1609 18960 -75.3 40.36
1435 19970 -75.09 38.54
1891 7204 -74.26 40.66
2621 8534 -74.79 40.32
1474 19129 -75.16 39.95
1403 25403 -77.96 39.46
1441 18055 -75.33 40.58
1134 22657 -78.35 38.98
1198 17350 -77.05 39.86
852 15063 -79.92 40.19
1371 8030 -75.11 39.89
990 17972 -76.17 40.62
830 17103 -76.88 40.27
2054 20851 -77.15 39.08
1107 17557 -76.09 40.1
1538 7102 -74.17 40.72
1261 19943 -75.57 39
853 15137 -79.8 40.37
2633 19425 -75.64 40.1
2147 21704 -77.41 39.42
2135 8812 -74.46 40.58
2147 11693 -73.81 40.59
2192 11004 -73.71 40.74
1449 19078 -75.32 39.87
3323 10044 -73.99 40.71
1324 19530 -75.77 40.52
1671 19030 -74.85 40.17
2913 20124 -77.38 38.77
2314 19118 -75.16 39.95
1004 15208 -79.97 40.43
841 15963 -78.82 40.23
1908 20866 -76.93 39.11
2113 8048 -74.8 39.96
1566 19055 -74.85 40.15
1229 25405 -77.96 39.46
1448 23117 -77.9 38
1218 25428 -78.05 39.35
2046 8863 -74.31 40.54
1436 18014 -75.39 40.72
1365 15071 -80.18 40.39
1153 17222 -77.56 39.91
1967 21774 -77.27 39.38
1502 8031 -75.09 39.86
3556 10280 -73.99 40.71
2907 22308 -77.08 38.82
827 26452 -80.46 39.04
1823 7734 -74.13 40.44
1137 17241 -77.4 40.17
1635 8010 -74.92 40.06
2323 22307 -77.08 38.82
1307 15129 -79.99 40.29
1581 8004 -74.85 39.76
1396 8318 -75.17 39.59
1991 8805 -74.53 40.56
1221 19526 -75.98 40.55
1944 20781 -76.95 38.95
1268 25419 -77.89 39.55
1547 8051 -75.17 39.78
2152 21054 -76.66 39.05
1284 8609 -74.76 40.22
975 17113 -76.88 40.27
1250 24477 -79.02 38.02
1925 7062 -74.4 40.63
2226 11436 -73.78 40.68
1183 8079 -75.47 39.56
1197 22960 -78.11 38.24
1402 19540 -75.98 40.28
1792 20678 -76.58 38.54
2169 11416 -73.85 40.69
2480 20882 -77.21 39.14
1515 21788 -77.4 39.62
1051 22827 -78.61 38.41
2014 20872 -77.2 39.27
2666 8512 -74.51 40.31
954 15037 -79.88 40.27
914 15656 -79.6 40.63
1941 8620 -74.76 40.22
2053 21047 -76.42 39.52
1160 17003 -76.5 40.33
916 15084 -79.76 40.6
2461 19004 -75.22 40.01
1947 19086 -75.37 39.89
2303 19444 -75.25 40.08
1335 19962 -75.47 39.06
1429 8103 -75.1 39.93
1269 17340 -77.08 39.74
6883 7078 -74.33 40.74
1362 8629 -74.76 40.22
3224 19312 -75.44 40.03
1791 21102 -76.89 39.65
1231 17313 -76.64 39.89
1528 8201 -74.49 39.42
2480 8824 -74.56 40.41
810 15717 -79.26 40.43
1718 19475 -75.54 40.17
1828 21769 -77.54 39.44
1004 17102 -76.88 40.27
1166 22443 -76.97 38.25
1225 24521 -79.05 37.58
2893 7974 -74.4 40.7
2791 7922 -74.42 40.67
3646 11598 -73.72 40.63
2613 19072 -75.26 40
2573 11366 -73.79 40.73
1861 19102 -75.16 39.95
1580 8106 -75.07 39.88
1219 19952 -75.57 38.92
2793 11109 -73.93 40.74
2695 11575 -73.58 40.67
2198 20607 -77.01 38.67
2036 20166 -77.4 39
1665 19734 -75.69 39.39
1607 21787 -77.16 39.65
1279 19609 -75.92 40.33
1130 15005 -80.22 40.63
1940 8628 -74.76 40.22
1450 8093 -75.13 39.86
1113 17566 -76.16 39.89
727 43964 -80.6 40.46
2546 19317 -75.59 39.86
2174 10307 -74.14 40.58
2061 20695 -76.97 38.59
2152 7921 -74.67 40.65
1462 21911 -76.06 39.69
2088 20794 -76.77 39.14
1625 19344 -75.91 40.09
1666 20636 -76.57 38.34
1283 17319 -76.79 40.15
1340 22968 -78.37 38.23
3743 7760 -74 40.36
1769 20732 -76.53 38.68
1964 21617 -76.06 39.04
1984 8835 -74.58 40.54
2835 11518 -73.66 40.64
1106 19611 -75.92 40.33
1253 21853 -75.69 38.2
1085 22664 -78.51 38.87
778 15104 -79.86 40.4
1888 21048 -76.88 39.49
835 15074 -80.28 40.7
1502 7114 -74.17 40.72
1738 18031 -75.66 40.55
1869 21090 -76.66 39.2
1605 8083 -75.02 39.84
1232 21795 -77.81 39.59
2114 19350 -75.78 39.76
1994 20712 -76.96 38.94
954 15131 -79.83 40.33
1444 19021 -74.89 40.09
1253 18032 -75.46 40.65
715 15690 -79.57 40.59
4174 19807 -75.53 39.73
2422 19060 -75.49 39.84
2433 8889 -74.76 40.6
1005 17963 -76.38 40.54
1869 8823 -74.54 40.44
1652 20640 -77.15 38.59
1858 8758 -74.19 39.78
1731 20710 -76.92 38.94
1688 8722 -74.2 39.92
3320 21029 -76.94 39.2
1804 22172 -77.31 38.54
1698 21793 -77.35 39.48
1628 8322 -75.02 39.61
2031 8022 -74.68 40.06
5846 10069 -73.99 40.71
1478 21629 -75.82 38.88
1419 23024 -77.73 37.96
2365 7716 -74.03 40.4
1205 17551 -76.35 40
766 26070 -80.6 40.28
1681 8071 -75.13 39.73
1704 8086 -75.18 39.85
1156 19933 -75.6 38.74
2859 8502 -74.64 40.46
807 15417 -79.89 40.01
1900 7063 -74.4 40.63
1429 17363 -76.59 39.75
939 24416 -79.35 37.73
1634 21219 -76.43 39.22
1722 22611 -77.98 39.14
1048 22815 -78.79 38.6
1852 19081 -75.34 39.9
1158 15024 -79.8 40.54
1137 17540 -76.18 40.09
745 15062 -79.88 40.15
1403 19945 -75.23 38.52
1361 21713 -77.65 39.5
872 15683 -79.58 40.1
1161 15042 -80.25 40.68
2177 21032 -76.59 39.01
2543 8833 -74.83 40.64
1739 22932 -78.69 38.06
1201 15332 -80 40.25
1188 19079 -75.26 39.9
1201 17020 -77.02 40.39
853 15204 -79.97 40.43
800 15145 -79.82 40.4
1174 19560 -75.92 40.4
1497 8098 -75.32 39.65
1331 19565 -76.08 40.33
1278 22942 -78.18 38.13
3572 7722 -74.16 40.28
2337 8530 -74.94 40.36
1041 15223 -79.97 40.43
1521 22712 -77.76 38.57
1617 18073 -75.49 40.39
1200 17236 -77.9 39.83
1107 15537 -78.36 40.01
2232 20036 -77.03 38.89
1150 19137 -75.16 39.95
1333 21783 -77.57 39.65
1332 8066 -75.24 39.83
1004 15085 -79.75 40.38
1302 19938 -75.63 39.29
1510 8078 -75.07 39.85
2547 18954 -75 40.22
1214 25413 -78.05 39.32
1516 8065 -75.03 40
1250 17316 -76.97 39.93
1572 19127 -75.16 39.95
1229 24590 -78.49 37.79
2055 19095 -75.14 40.09
1329 15139 -79.83 40.51
1639 8225 -74.55 39.37
2139 8884 -74.39 40.39
1232 22560 -76.86 37.92
1219 22812 -78.96 38.38
2159 8848 -75.09 40.56
1182 17584 -76.27 39.98
1420 19939 -75.24 38.54
1290 25430 -77.88 39.38
1242 17554 -76.43 40.04
2098 8869 -74.64 40.57
2872 11565 -73.67 40.67
2559 19333 -75.42 40.04
2201 8850 -74.43 40.45
1229 17032 -76.93 40.46
1499 25443 -77.8 39.43
2559 21797 -77.06 39.33
2603 15367 -80.05 40.26
2197 20736 -76.62 38.69
1248 17320 -77.36 39.78
1108 21851 -75.56 38.06
1309 15126 -80.25 40.45
1104 17038 -76.48 40.41
1177 17345 -76.72 40.06
1601 17349 -76.69 39.73
1789 8035 -75.06 39.87
1337 17327 -76.73 39.79
2144 19311 -75.78 39.82
1134 17368 -76.53 40.02
1787 21619 -76.28 38.95
1497 19033 -75.32 39.89
1121 17547 -76.55 40.05
748 43968 -80.65 40.6
1694 15222 -79.97 40.43
2433 8801 -74.89 40.64
1160 17074 -77.13 40.47
1121 17043 -76.89 40.24
1554 8312 -75.08 39.65
1232 25438 -77.86 39.29
1643 8090 -75.14 39.79
2612 18929 -75.08 40.25
1143 17059 -77.39 40.57
1998 18069 -75.6 40.62
1497 20634 -76.49 38.25
2428 7727 -74.17 40.19
2124 7033 -74.28 40.67
720 26037 -80.59 40.33
1397 18037 -75.49 40.67
3233 11557 -73.69 40.64
805 15748 -79.15 40.53
1706 18106 -75.47 40.59
2087 19301 -75.49 40.04
1781 18034 -75.42 40.53
1460 8102 -75.1 39.93
1432 19365 -75.91 39.95
1083 17061 -76.95 40.54
1633 19070 -75.32 39.91
796 15133 -79.83 40.33
1117 17961 -76.1 40.65
2167 19343 -75.77 40.09
2739 20841 -77.31 39.18
1888 8734 -74.16 39.86
749 15627 -79.3 40.33
2206 20181 -77.58 38.69
1673 21226 -76.55 39.21
4817 11559 -73.71 40.6
2827 21035 -76.63 38.93
1608 8084 -75.01 39.82
847 15089 -79.76 40.2
2819 11558 -73.64 40.6
2240 8810 -74.51 40.38
821 26426 -80.56 39.28
1486 19510 -75.87 40.44
2008 7756 -74 40.21
3230 7041 -74.32 40.74
1390 17339 -76.86 40.13
1190 21875 -75.57 38.45
1062 26753 -78.77 39.64
2952 7924 -74.59 40.73
1424 21017 -76.23 39.46
1362 19506 -76.11 40.43
1141 22520 -76.82 38.09
2218 20180 -77.63 39.27
1979 19075 -75.18 40.11
2477 7023 -74.38 40.64
1256 23009 -77.12 37.77
1611 8068 -74.68 39.97
2518 21163 -76.87 39.32
2186 7755 -74.02 40.26
1325 21632 -75.77 38.69
2295 7764 -74.01 40.29
1958 7732 -73.99 40.4
2182 11697 -73.91 40.56
1830 21084 -76.47 39.6
1863 8221 -74.57 39.34
1167 19950 -75.59 38.8
2620 21131 -76.56 39.5
2165 7720 -74.01 40.2
1389 19076 -75.3 39.88
1241 22973 -78.43 38.3
1007 15478 -79.8 39.8
898 26431 -80.29 39.39
1418 21904 -76.11 39.6
2096 20711 -76.65 38.8
1970 19352 -75.88 39.78
1028 22824 -78.56 38.82
1758 18078 -75.61 40.67
3292 8558 -74.7 40.41
1477 23192 -77.67 37.81
865 26047 -80.6 40.49
3286 11516 -73.72 40.62
1153 22851 -78.5 38.57
1211 22572 -76.76 37.96
2074 21120 -76.67 39.65
1389 21903 -76.06 39.57
1050 24441 -78.82 38.26
755 15110 -79.85 40.37
2581 20833 -77.05 39.17
1198 19032 -75.27 39.88
3137 7092 -74.36 40.68
1779 20616 -77.07 38.63
1093 15626 -79.57 40.41
1757 20685 -76.5 38.47
1226 21817 -75.85 37.98
2057 21152 -76.68 39.54
1866 8886 -75.1 40.69
1861 8533 -74.53 40.06
2146 20754 -76.66 38.72
3520 10006 -73.99 40.71
1307 19533 -75.96 40.44
1310 21643 -75.87 38.62
2591 7830 -74.83 40.71
930 15552 -79.02 39.81
1431 22473 -76.47 37.91
1446 17361 -76.68 39.77
2422 8501 -74.58 40.17
2673 19034 -75.19 40.13
3234 7069 -74.44 40.64
1152 19940 -75.57 38.46
2430 20769 -76.8 38.98
2071 8036 -74.82 39.98
1788 19012 -75.1 40.05
1326 22727 -78.25 38.37
1426 22939 -78.96 38.09
1493 8344 -75.01 39.54
1383 17347 -76.7 40.06
1349 17538 -76.41 40.09
731 17954 -76.25 40.69
2181 23103 -77.7 37.64
1740 19520 -75.83 40.15
1103 15320 -79.97 39.89
1652 8518 -74.8 40.11
1353 19074 -75.29 39.88
1205 21826 -75.62 38.32
1622 8007 -75.05 39.87
2810 11096 -73.75 40.62
651 43938 -80.61 40.32
1063 22821 -79.08 38.47
4246 10004 -73.99 40.71
1138 17579 -76.18 39.98
3189 7739 -74.03 40.33
1253 17370 -76.71 40.11
1411 21716 -77.61 39.31
1504 19405 -75.34 40.1
1607 18066 -75.74 40.65
1484 8059 -75.09 39.88
1088 17578 -76.18 40.23
2180 7718 -74.08 40.41
1238 17314 -76.32 39.72
1826 20115 -77.85 38.87
1920 22936 -78.48 38.15
2250 8809 -74.91 40.63
1366 23336 -75.32 37.92
2202 20837 -77.41 39.14
1671 21154 -76.34 39.65
1509 17007 -77.13 40.15
3664 19066 -75.24 40
1453 18011 -75.6 40.5
1374 17360 -76.76 39.85
1079 15342 -80.21 40.25
2919 7738 -74.12 40.34
2482 7757 -74.02 40.31
1297 17322 -76.56 39.85
992 22842 -78.63 38.74
1639 15330 -80.13 40.18
1272 21722 -77.93 39.65
1964 21638 -76.19 38.95
1403 22923 -78.28 38.17
1193 17366 -76.58 39.91
1233 19567 -76.18 40.36
703 26034 -80.56 40.61
1223 17307 -77.24 39.93
1107 17569 -76.11 40.27
819 26582 -80.34 39.52
2183 8826 -74.94 40.69
1371 19362 -76.04 39.74
1548 8049 -75.03 39.85
984 15135 -79.83 40.33
2273 20141 -77.77 39.13
1954 8735 -74.06 39.96
2764 8730 -74.06 40.1
2406 19025 -75.16 40.14
2556 18925 -75.05 40.29
1681 19543 -75.9 40.15
1257 17090 -77.19 40.33
1201 17053 -76.93 40.33
1184 17555 -75.97 40.12
1675 20714 -76.53 38.7
1535 8091 -74.93 39.8
1147 22849 -78.62 38.48
2060 22947 -78.35 38.02
1958 21087 -76.41 39.44
1435 18041 -75.5 40.4
1435 21655 -75.9 38.71
2118 18947 -75.1 40.43
1824 21755 -77.53 39.36
2461 8551 -74.82 40.44
1239 17527 -76.02 39.98
1785 21776 -77.1 39.54
1057 24482 -79 38.19
2281 21754 -77.31 39.33
2114 8562 -74.63 40.02
2034 20637 -76.78 38.53
3551 7704 -74.03 40.36
1159 21863 -75.39 38.17
1354 23063 -77.88 37.68
1053 22844 -78.67 38.64
5060 19085 -75.35 40.03
3233 20759 -76.92 39.15
790 15681 -79.44 40.48
1640 19330 -75.92 39.87
1849 21161 -76.56 39.65
1095 17073 -76.21 40.35
1715 20106 -77.99 38.67
755 15045 -79.88 40.32
1660 18074 -75.51 40.32
1298 19551 -76.14 40.34
1706 21773 -77.56 39.5
961 22853 -78.77 38.63
1309 22503 -76.46 37.76
1152 17519 -76.02 40.14
1559 8027 -75.27 39.82
2338 8559 -74.97 40.4
2542 8525 -74.76 40.38
1618 21791 -77.17 39.56
1285 22840 -78.74 38.36
903 15431 -79.61 39.97
1538 8029 -75.06 39.84
1319 22642 -78.07 38.9
1082 17501 -76.2 40.15
2769 7750 -73.98 40.33
1195 19946 -75.46 39
1259 22580 -77.4 38.11
2687 8515 -74.66 40.15
967 15144 -79.78 40.53
2236 21111 -76.58 39.57
1195 17520 -76.35 40.1
1975 8880 -74.52 40.55
897 15461 -79.9 39.84
1079 26378 -80.4 39.1
2193 19031 -75.2 40.1
1813 20722 -76.95 38.94
1221 17018 -76.93 40.36
1118 17560 -76.23 39.9
2530 21104 -76.89 39.35
1819 21663 -76.22 38.78
1914 21770 -77.25 39.35
1605 19504 -75.57 40.38
2429 8853 -74.73 40.49
1327 19547 -75.76 40.37
1402 19094 -75.34 39.87
1257 19029 -75.28 39.86
1060 17051 -77.74 40.49
1282 23417 -75.74 37.7
2503 8867 -74.96 40.57
833 15059 -80.45 40.63
1796 20764 -76.52 38.83
2253 8825 -75.05 40.52
1880 7027 -74.32 40.65
1354 22482 -76.38 37.71
2934 18977 -74.87 40.28
1834 21162 -76.45 39.38
1471 21727 -77.32 39.7
1709 18054 -75.47 40.33
2157 11005 -73.7 40.72
1301 19539 -75.68 40.49
1348 23015 -77.65 37.94
1208 24574 -79.24 37.6
1419 22920 -78.83 38.03
2185 8514 -74.49 40.14
1398 21639 -75.8 38.97
934 21750 -78.17 39.7
2812 8535 -74.44 40.21
1128 17065 -77.18 40.11
1152 17004 -77.72 40.6
1547 21758 -77.64 39.35
1109 17841 -77.31 40.7
1185 17516 -76.36 39.93
1440 22974 -78.24 37.94
2767 8510 -74.42 40.19
1092 17922 -76.09 40.59
1215 19953 -75.71 39.16
1122 15233 -79.97 40.43
1172 21536 -79.15 39.69
1804 8752 -74.09 39.79
1138 17084 -77.6 40.65
2234 8827 -74.96 40.7
791 26456 -80.77 39.29
5094 19035 -75.28 40.04
1131 17324 -77.18 40.04
1047 15473 -79.75 40.08
2086 7758 -74.09 40.43
2604 8056 -75.25 39.78
1853 20622 -76.78 38.47
2860 8542 -74.65 40.35
2310 21013 -76.49 39.51
1158 25420 -78.11 39.37
1638 8751 -74.07 39.94
2236 21057 -76.5 39.44
2235 21710 -77.45 39.29
1367 19541 -76.02 40.47
795 15112 -79.83 40.39
975 16693 -78.2 40.46
1225 17068 -77.18 40.41
1671 8343 -75.16 39.64
1246 17301 -76.98 39.88
1379 22645 -78.27 39.02
1048 15610 -79.48 40.09
1172 21782 -77.74 39.45
1244 21830 -75.68 38.41
2153 21658 -76.15 38.98
1093 21919 -75.93 39.41
1182 17062 -77.15 40.55
792 15140 -79.77 40.4
1456 21918 -76.16 39.68
1246 17372 -77.11 40
1448 21660 -75.88 38.94
924 15670 -79.41 40.39
1174 17344 -77.01 39.8
1016 15672 -79.6 40.22
1458 22625 -78.29 39.32
1255 15026 -80.34 40.51
714 17970 -76.19 40.72
1015 17048 -76.69 40.56
2201 7737 -74.06 40.41
1510 8089 -74.81 39.71
744 43943 -80.69 40.18
1386 21915 -75.81 39.52
1011 26385 -80.35 39.15
1251 22427 -77.35 38.04
2448 20004 -77.03 38.89
1167 24421 -79.16 38.22
2703 7702 -74.05 40.32
1659 22656 -78.09 39.2
925 16625 -78.44 40.29
1206 19555 -75.96 40.49
1294 17364 -76.87 39.92
1966 8829 -74.89 40.66
1124 17252 -77.8 39.92
1353 17028 -76.68 40.39
1554 8554 -74.77 40.11
1721 20119 -77.64 38.61
859 15697 -79.58 40.24
832 43910 -80.81 40.34
2241 8802 -75.02 40.67
1105 17509 -75.99 39.95
1183 19022 -75.33 39.86
827 15014 -79.74 40.6
731 26033 -80.57 39.82
805 17980 -76.55 40.58
2728 8836 -74.56 40.6
1498 21661 -76.24 39.14
1898 18051 -75.66 40.59
1011 15052 -80.4 40.65
1823 20676 -76.54 38.49
1751 8092 -74.28 39.65
1571 22578 -76.39 37.64
1005 17063 -77.58 40.71
2955 22213 -77.1 38.87
1194 24486 -78.92 38.28
1544 21034 -76.2 39.63
1130 17026 -76.42 40.45
1318 19505 -75.63 40.37
841 15944 -79.07 40.37
2359 21140 -76.58 38.94
1500 21561 -79.21 39.47
1531 21673 -76.05 38.65
1058 15445 -79.7 39.87
948 15679 -79.63 40.15
1052 26059 -80.62 40.05
2343 8560 -74.86 40.31
948 17034 -76.78 40.2
1800 18972 -75.12 40.53
1108 17562 -76.12 40
1419 21756 -77.69 39.48
2348 20158 -77.66 39.13
939 15563 -78.95 40.1
1097 17023 -76.81 40.54
1196 21849 -75.47 38.38
1126 17082 -77.39 40.53
886 26588 -80.12 39.53
1397 23069 -77.37 37.76
1546 22539 -76.29 37.86
785 15148 -79.81 40.39
1175 21850 -75.41 38.39
4672 7931 -74.62 40.69
1098 17563 -76.18 39.76
1092 26570 -80.24 39.59
898 15926 -78.8 40.1
2045 7064 -74.24 40.56
1457 18076 -75.48 40.37
1194 17045 -76.99 40.57
1066 26038 -80.75 39.94
668 43917 -80.77 40.19
938 15774 -79.3 40.65
1260 23086 -77.01 37.68
1147 17049 -77.28 40.65
2305 20623 -76.82 38.73
1752 20688 -76.45 38.33
1191 17529 -76.1 40.04
1210 21562 -79.04 39.48
1489 22737 -77.97 38.58
2086 7088 -74.28 40.71
1167 17532 -76.33 39.82
1227 19507 -76.29 40.47
1803 21028 -76.24 39.56
3074 20777 -76.95 39.17
1928 20135 -77.83 39.11
1240 23149 -76.59 37.6
1938 18942 -75.15 40.46
1147 17572 -76.16 40.01
1557 23146 -77.67 37.72
2085 20763 -76.81 39.13
2310 20776 -76.6 38.86
1378 22734 -77.8 38.53
756 43945 -80.83 40.62
1358 21813 -75.19 38.44
1260 22567 -77.96 38.25
1647 22728 -77.72 38.59
1841 20733 -76.58 38.8
1021 15545 -78.72 39.82
1775 20664 -76.92 38.34
1219 17353 -77.38 39.88
1482 19529 -75.87 40.63
999 15424 -79.35 39.8
1546 8045 -75.03 39.86
1257 21822 -75.65 38.28
2066 8804 -75.08 40.65
2761 7933 -74.47 40.7
976 15436 -79.75 39.82
1232 17853 -77 40.69
1132 17240 -77.55 40.13
979 16617 -78.33 40.6
1227 24431 -78.83 38.16
6920 7723 -73.99 40.24
1232 17302 -76.39 39.82
918 15456 -79.64 39.92
1995 8061 -75.2 39.81
1908 7721 -74.23 40.43
1895 21053 -76.72 39.69
1636 8097 -75.15 39.81
1430 21651 -75.84 39.25
1449 8063 -75.18 39.86
1019 16678 -78.24 40.21
1496 8733 -74.32 40.01
1798 8741 -74.17 39.93
1739 19372 -75.75 39.99
1349 22967 -78.97 37.74
1707 18092 -75.52 40.47
1240 19562 -75.7 40.5
3188 21738 -77.02 39.28
1225 17304 -77.23 39.97
1130 21539 -78.97 39.56
1710 20662 -77.21 38.45
1305 22841 -78.94 38.35
1441 21631 -75.92 38.59
1001 16637 -78.45 40.32
1234 24440 -79.15 38
812 43944 -80.77 40.43
802 26035 -80.55 40.34
2997 7946 -74.51 40.66
773 17981 -76.39 40.62
1432 19043 -75.3 39.9
1441 23175 -76.57 37.63
1600 21757 -77.26 39.59
1687 22958 -78.88 37.85
1189 15046 -80.23 40.55
1287 17365 -76.94 40.05
1018 17938 -76.48 40.66
1553 23102 -77.88 37.66
1955 20751 -76.54 38.79
1537 22624 -78.1 39.26
1160 21837 -75.75 38.45
847 15618 -79.47 40.52
1568 21541 -79.35 39.55
820 15035 -79.8 40.38
978 17098 -76.61 40.58
786 15954 -79.02 40.41
969 15027 -80.24 40.66
1124 15050 -80.47 40.59
1943 8020 -75.22 39.8
1292 22534 -77.63 38.03
1455 21678 -76.11 39.29
1096 15554 -78.64 40.1
1141 21531 -79.4 39.66
1126 17094 -77.23 40.56
1139 19941 -75.42 38.8
1177 17502 -76.67 40.09
1667 22620 -78.05 39.09
3142 15142 -80.12 40.38
1973 20198 -77.77 38.86
919 15458 -79.86 39.88
1793 18930 -75.21 40.53
1184 17040 -77.3 40.34
1395 17329 -76.85 39.76
1766 21155 -76.8 39.57
1092 15486 -79.66 40.03
1174 17565 -76.31 39.9
845 15468 -76.79 39.9
1668 18917 -75.2 40.37
1052 24085 -79.8 37.63
1563 21160 -76.34 39.7
1729 21132 -76.37 39.68
1190 22952 -78.96 37.96
1052 17087 -76.25 40.35
1473 19310 -75.97 39.94
883 15438 -79.83 40.1
735 26031 -80.73 40.01
2002 7077 -74.26 40.55
1174 21874 -75.34 38.39
1080 22644 -78.51 38.98
846 15442 -79.83 40.01
1254 22843 -79.16 38.36
1050 24555 -79.45 37.63
2013 20677 -77.04 38.49
1184 22514 -77.36 38.02
1612 18077 -75.19 40.59
1481 21625 -75.99 38.87
1752 21798 -77.31 39.53
1309 24472 -79.23 37.93
1542 21635 -75.87 39.34
742 43901 -80.87 40.21
1153 17047 -77.33 40.38
743 17965 -76.16 40.69
2637 7980 -74.49 40.68
1238 17536 -76.09 39.82
1152 15437 -79.61 39.78
3673 7711 -74 40.23
880 15474 -79.9 39.73
1465 22637 -78.33 39.26
801 15034 -79.88 40.35
1386 8310 -74.94 39.52
3348 11569 -73.58 40.59
1782 8828 -74.42 40.37
1472 21917 -76.09 39.66
988 15469 -79.4 40.02
831 15724 -78.8 40.72
1482 18053 -75.71 40.72
1597 8740 -74.13 39.92
1401 23047 -77.46 37.86
1249 21871 -75.7 38.12
838 15479 -79.74 40.15
924 17009 -77.56 40.63
3094 19373 -75.53 39.89
1986 22724 -77.91 38.63
737 26040 -80.73 39.98
1139 17244 -77.6 40.05
1397 17321 -76.45 39.72
1441 22610 -78.31 38.83
1409 24467 -78.97 38.26
1138 17086 -77.12 40.69
1905 8732 -74.14 39.94
1224 21520 -79.32 39.62
1293 24435 -79.3 37.88
939 15639 -79.61 40.2
2343 20117 -77.73 38.97
918 16627 -78.53 40.74
1266 23038 -78.16 37.75
1066 15043 -80.49 40.64
1260 19534 -75.89 40.57
1129 17830 -76.85 40.71
1198 22454 -76.82 37.85
852 15637 -79.71 40.23
1595 8026 -74.96 39.83
1222 17309 -76.45 39.86
3214 21794 -76.95 39.3
1190 21557 -78.88 39.53
1375 17407 -76.73 39.96
3958 22027 -77.23 38.89
1352 22735 -78.13 38.49
1053 17224 -77.87 39.94
1064 16650 -78.26 40.13
1099 22922 -78.9 37.68
747 43903 -80.92 40.47
1215 8311 -75.2 39.32
1052 21545 -78.88 39.69
1240 21838 -75.73 38.01
3846 8738 -74.04 40.04
1490 21623 -75.98 39.14
1440 22846 -78.79 38.36
1508 22959 -78.63 37.94
1137 17535 -76.04 40.01
1117 22660 -78.43 38.94
1217 17864 -76.91 40.7
1005 15480 -79.75 39.99
2209 20137 -77.72 38.81
1113 23123 -78.3 37.7
1128 21555 -78.61 39.54
2676 20861 -76.98 39.15
3624 20818 -77.16 38.97
2785 20197 -77.61 39.18
1170 15622 -79.32 40.04
1251 15360 -80.07 40.08
940 15428 -79.65 40.04
1413 15321 -80.21 40.33
2231 20778 -76.55 38.82
1196 17582 -76.43 39.98
1503 15055 -80.14 40.31
2334 21654 -76.17 38.68
1134 22971 -78.83 37.72
1201 8349 -75.04 39.24
1251 22949 -78.88 37.77
1299 23065 -77.89 37.77
3055 21036 -76.98 39.23
1201 19706 -75.6 39.57
2001 20842 -77.42 39.22
1326 22576 -76.44 37.65
1141 16664 -78.37 40.16
3520 21737 -76.99 39.26
1471 22740 -78.25 38.67
1113 17017 -76.87 40.65
1676 25442 -77.84 39.35
1191 17024 -77.26 40.36
849 17929 -76.19 40.63
2455 20860 -77.02 39.14
1296 23084 -78.12 37.87
647 43913 -80.62 40.26
1317 8326 -74.93 39.52
1100 21530 -78.56 39.7
1583 22747 -78.15 38.71
1970 20675 -77.01 38.57
1184 21767 -77.75 39.69
1299 22542 -77.9 38.28
1112 22652 -78.42 38.84
808 15665 -79.67 40.34
1459 21668 -75.85 39.18
1374 21649 -75.74 39.11
1451 8067 -75.4 39.73
834 15765 -78.97 40.62
880 43915 -80.86 39.77
1868 21777 -77.53 39.27
2058 20689 -76.57 38.64
1035 15459 -79.45 39.73
1172 19954 -75.5 38.91
1443 20621 -76.78 38.36
1286 19453 -75.49 40.13
1713 8887 -74.8 40.52
1415 21780 -77.45 39.7
1360 24479 -79.2 38.14
1166 21719 -77.49 39.7
998 17237 -77.55 39.83
739 15923 -79.15 40.39
1480 22742 -77.72 38.46
1327 23169 -76.46 37.59
638 26050 -80.6 40.61
724 17959 -76.11 40.71
913 17983 -76.7 39.94
861 44427 -80.93 40.7
730 43963 -80.69 40.17
2801 7934 -74.67 40.72
1336 22938 -78.75 37.85
1153 22969 -78.69 37.79
1559 20620 -76.51 38.23
1620 23153 -77.91 37.75
1292 23027 -78.1 37.66
2012 20779 -76.58 38.76
1484 21640 -75.76 39.07
3104 8006 -74.11 39.75
1191 22937 -78.6 37.83
1033 15056 -80.21 40.56
835 15725 -79.36 40.49
1254 21821 -75.94 38.15
1815 22940 -78.56 38.15
1502 8328 -75.06 39.57
1567 22713 -78.14 38.54
1164 21521 -79.01 39.53
1560 20684 -76.41 38.15
1671 21645 -75.98 39.3
2310 15015 -80.08 40.63
1301 22733 -78.06 38.31
740 43971 -80.7 40.15
1525 8319 -74.77 39.35
1972 18915 -75.26 40.27
1689 20658 -77.15 38.55
1318 22715 -78.16 38.41
1628 20624 -76.72 38.32
1516 20609 -76.74 38.27
1365 21733 -77.74 39.53
1659 23039 -77.79 37.63
1591 20692 -76.5 38.18
1206 22650 -78.38 38.76
1962 20693 -77.08 38.45
1471 21912 -75.8 39.42
1335 22738 -78.27 38.29
2093 21662 -76.17 38.74
1478 8317 -74.82 39.4
1406 21636 -75.78 39.03
1553 21671 -76.33 38.69
1464 20680 -76.37 38.11
1262 21869 -75.82 38.48
1041 17006 -77.51 40.33
1572 21657 -75.95 38.91
1544 20674 -76.5 38.14
1362 8241 -74.48 39.53
1323 21659 -75.79 38.59
1406 21779 -77.65 39.43
1167 21711 -78 39.66
1690 20608 -76.7 38.58
1176 21856 -75.79 38.32
1201 8345 -75.16 39.28
1851 20611 -76.98 38.46
1279 21914 -75.97 39.57
1213 21841 -75.29 38.25
1614 20690 -76.53 38.15
1930 20645 -76.86 38.3
1735 20625 -76.91 38.33
1142 21861 -75.72 38.53
1416 20618 -76.78 38.28
1243 21872 -75.3 38.4
1361 21622 -76.15 38.5
1085 21766 -78.38 39.62
1416 20628 -76.36 38.15
1116 21864 -75.4 38.05
1758 20629 -76.44 38.35
1155 21865 -75.87 38.32
1182 21840 -75.9 38.27
1335 20687 -76.34 38.07
3580 21405 -76.5 38.97
